#labels: abs_yz_lower[1] abs_yz_center[2] abs_yz_upper[3] tot_scale01[4] tot_scale01_Err[5] tot_scale02[6] tot_scale02_Err[7] tot_scale03[8] tot_scale03_Err[9] tot_scale04[10] tot_scale04_Err[11] tot_scale05[12] tot_scale05_Err[13] tot_scale06[14] tot_scale06_Err[15] tot_scale07[16] tot_scale07_Err[17]
#neval: 13640000000
#overflow:lower center upper 0.00000000000E+00 0.00000000000E+00 0.00000000000E+00 0.00000000000E+00 0.00000000000E+00 0.00000000000E+00 0.00000000000E+00 0.00000000000E+00 0.00000000000E+00 0.00000000000E+00 0.00000000000E+00 0.00000000000E+00 0.00000000000E+00 0.00000000000E+00 
0.00000000000E+00 2.00000000000E-01 4.00000000000E-01 3.52675617874E+05 1.89706624050E+01 3.48360478673E+05 1.75973064864E+01 3.58257111973E+05 2.12429105299E+01 3.40704803720E+05 1.64002247212E+01 3.60392963180E+05 2.27070512635E+01 3.57842650671E+05 2.04079537195E+01 3.48479782469E+05 1.78557916583E+01 
4.00000000000E-01 6.00000000000E-01 8.00000000000E-01 3.48861845483E+05 1.88068675897E+01 3.44596879436E+05 1.74970181880E+01 3.54342065936E+05 2.10362293667E+01 3.37038602059E+05 1.63065943749E+01 3.56536384817E+05 2.24847423621E+01 3.54013568853E+05 2.02299103341E+01 3.44679054359E+05 1.77031483800E+01 
8.00000000000E-01 1.00000000000E+00 1.20000000000E+00 3.40991066154E+05 1.85315052627E+01 3.36765559643E+05 1.73244333471E+01 3.46328136849E+05 2.06482595591E+01 3.29418669104E+05 1.61492394744E+01 3.48616064979E+05 2.20611976605E+01 3.46089804585E+05 1.99265599197E+01 3.36852367651E+05 1.74498740092E+01 
1.20000000000E+00 1.40000000000E+00 1.60000000000E+00 3.29514839081E+05 1.81090378679E+01 3.25354337834E+05 1.70763904793E+01 3.34611075661E+05 2.00460821683E+01 3.18307500703E+05 1.59226400273E+01 3.37018178894E+05 2.14015642754E+01 3.34533257469E+05 1.94598513849E+01 3.25442925422E+05 1.70623599714E+01 
1.60000000000E+00 1.80000000000E+00 2.00000000000E+00 3.14774196360E+05 1.75612339818E+01 3.10697316917E+05 1.67604130900E+01 3.19582790575E+05 1.92768772141E+01 3.04044462116E+05 1.56329177431E+01 3.22103336808E+05 2.05592780927E+01 3.19661233282E+05 1.88549983172E+01 3.10810941969E+05 1.65595970525E+01 
2.00000000000E+00 2.20000000000E+00 2.40000000000E+00 2.95396564571E+05 1.69102092341E+01 2.91425780237E+05 1.62741485942E+01 2.99869682982E+05 1.83964177283E+01 2.85320187554E+05 1.51901826725E+01 3.02451001286E+05 1.96008637207E+01 3.00040256337E+05 1.81403425765E+01 2.91633158058E+05 1.59586351089E+01 
2.40000000000E+00 2.60000000000E+00 2.80000000000E+00 2.64278635142E+05 1.59950320505E+01 2.60523838214E+05 1.53971515209E+01 2.68305910543E+05 1.73511836651E+01 2.55285087881E+05 1.43917675840E+01 2.70813763947E+05 1.84827657614E+01 2.68430245540E+05 1.71464821552E+01 2.60916730033E+05 1.51049375422E+01 
2.80000000000E+00 3.00000000000E+00 3.20000000000E+00 2.10740572495E+05 1.44904457099E+01 2.07593995680E+05 1.37644247217E+01 2.13936447064E+05 1.57796418068E+01 2.03663372008E+05 1.28958213614E+01 2.16135398083E+05 1.68247999379E+01 2.14034536251E+05 1.55311098751E+01 2.08075747188E+05 1.36861148342E+01 
3.20000000000E+00 3.40000000000E+00 3.60000000000E+00 1.32301450725E+05 1.34285487930E+01 1.30312237174E+05 1.24635034091E+01 1.34173947150E+05 1.46747746685E+01 1.28031122359E+05 1.17188691277E+01 1.35755147621E+05 1.56762409220E+01 1.34387654276E+05 1.43984922918E+01 1.30615482381E+05 1.26786144565E+01 
#nx: 3
